name: 4 gusanos
height: 18
width: 32
background: Forest
worms:
  - positionX: 19.201186744133501
    positionY: 7.1939204833347059
  - positionX: 18.599991869690246
    positionY: 7.199014616555786
  - positionX: 14.803652087157035
    positionY: 7.1700381024293982
  - positionX: 14.100560022566208
    positionY: 7.1700381024294
beams:
  - x: 16.600274413765725
    y: 6.6516403420283279
    angle: 0
    length: 6
  - x: 21.445766265033402
    y: 9.210918072297412
    angle: 60
    length: 6
  - x: 21.438125065201792
    y: 14.678051211065521
    angle: 120
    length: 6
  - x: 11.834260422320718
    y: 9.2599563674132934
    angle: 120
    length: 6
  - x: 11.84729319085659
    y: 14.881001621918251
    angle: 60
    length: 6
  - x: 16.705501491613809
    y: 17.612222898021496
    angle: 0
    length: 6