name: test 2
height: 18
width: 32
background: Forest
worms:
  - positionX: 3.7749999999999999
    positionY: 17.008333333333333
  - positionX: 31.475000000000001
    positionY: 5.9916666666666671
  - positionX: 3.1416666666666666
    positionY: 6.4916666666666671
  - positionX: 31.408333333333335
    positionY: 17.425000000000001
beams:
  - x: 3.9750000000000001
    y: 5.5916666666666668
    angle: 0
    length: 6
  - x: 3.7749999999999999
    y: 16.475000000000001
    angle: 0
    length: 6
  - x: 34.283333333333331
    y: 5.0999999999999996
    angle: 0
    length: 6
  - x: 34.216666666666669
    y: 16.816666666666666
    angle: 0
    length: 6