name: un gusano
height: 18
width: 32
background: Forest
worms:
  - positionX: 15.525
    positionY: 10.608333333333334
beams:
  - x: 15.491666666666667
    y: 10.008333333333333
    angle: 0
    length: 6